930	617
934	912
934	671
1354	1310
1354	1180
1354	1048
915	803
915	527
927	1178
927	1129
927	946
927	617
927	588
927	718
927	967
927	678
927	968
927	481
927	671
927	672
927	1051
927	1373
766	737
766	525
766	465
766	971
766	1037
766	848
766	1044
766	653
766	1129
766	1276
766	1163
766	946
766	1265
766	617
766	1308
766	443
766	687
766	584
766	1171
766	588
766	1366
766	1192
766	426
766	640
766	599
766	1317
766	576
766	1356
766	724
766	1186
766	718
766	1348
766	445
766	967
766	447
766	665
766	742
766	1297
766	859
766	678
766	612
766	686
766	963
766	1310
766	1211
766	1363
766	1288
766	1271
766	882
766	1188
766	838
766	1152
766	444
766	803
766	458
766	966
766	902
766	671
766	798
766	1071
766	872
766	610
766	606
766	1213
766	1150
766	655
766	769
766	1051
766	926
766	1048
766	1286
766	1047
766	1272
766	1190
766	475
766	647
737	766
737	525
737	465
737	971
737	1037
737	848
737	1044
737	653
737	1129
737	710
737	614
737	1276
737	1163
737	946
737	1265
737	617
737	443
737	687
737	1171
737	588
737	1366
737	1192
737	426
737	640
737	599
737	1317
737	576
737	1356
737	724
737	1186
737	718
737	1348
737	967
737	447
737	665
737	742
737	1297
737	859
737	678
737	612
737	438
737	963
737	1310
737	1363
737	1288
737	1271
737	882
737	1188
737	1152
737	1059
737	803
737	458
737	966
737	902
737	671
737	798
737	1071
737	872
737	610
737	606
737	1213
737	1150
737	655
737	769
737	1051
737	926
737	785
737	1048
737	1286
737	1232
737	1190
737	475
737	647
525	766
525	737
525	1164
525	465
525	1037
525	848
525	1044
525	1129
525	710
525	614
525	1276
525	1163
525	1265
525	617
525	1171
525	588
525	1192
525	426
525	1317
525	1356
525	1186
525	718
525	1348
525	665
525	678
525	1310
525	1288
525	925
525	1271
525	882
525	1188
525	1152
525	1059
525	458
525	821
525	671
525	872
525	606
525	1213
525	1150
525	655
525	769
525	926
525	785
525	1180
525	1286
525	1232
525	1190
1164	525
1164	1044
1164	653
1164	1129
1164	1276
1164	1265
1164	617
1164	1171
1164	588
1164	1366
1164	640
1164	1356
1164	1348
1164	447
1164	678
1164	963
1164	1211
1164	1363
1164	1271
1164	1188
1164	838
1164	803
1164	458
1164	1047
1164	1272
1178	927
1178	1129
1178	617
1178	1308
1178	443
1178	687
1178	1171
1178	588
1178	724
1178	912
1178	718
1178	1348
1178	445
1178	967
1178	678
1178	968
1178	481
1178	671
1178	672
1178	1051
1178	1190
1178	1373
465	766
465	737
465	525
465	971
465	1037
465	848
465	1044
465	1129
465	710
465	614
465	1276
465	1163
465	946
465	617
465	687
465	1171
465	588
465	1192
465	426
465	599
465	1317
465	1356
465	1186
465	1348
465	665
465	678
465	438
465	963
465	1288
465	925
465	1271
465	882
465	1188
465	1152
465	1059
465	458
465	821
465	902
465	671
465	798
465	1071
465	872
465	606
465	1213
465	1150
465	655
465	769
465	926
465	785
465	1180
465	1286
465	1232
465	1190
465	475
971	766
971	737
971	465
971	1037
971	1276
971	946
971	617
971	687
971	1171
971	588
971	1192
971	640
971	599
971	1317
971	1356
971	438
971	963
971	1288
971	1271
971	882
971	1059
971	458
971	902
971	671
971	798
971	1071
971	872
971	606
971	1213
971	1150
971	926
971	1190
971	475
1037	766
1037	737
1037	525
1037	465
1037	971
1037	848
1037	1044
1037	653
1037	1129
1037	710
1037	614
1037	1276
1037	1163
1037	946
1037	1265
1037	617
1037	1308
1037	443
1037	687
1037	584
1037	1171
1037	588
1037	1366
1037	1192
1037	426
1037	640
1037	599
1037	1317
1037	576
1037	1356
1037	724
1037	1186
1037	718
1037	1348
1037	967
1037	447
1037	665
1037	742
1037	1297
1037	859
1037	678
1037	612
1037	963
1037	1310
1037	1363
1037	1060
1037	1288
1037	1271
1037	882
1037	1188
1037	417
1037	838
1037	1152
1037	444
1037	803
1037	458
1037	966
1037	902
1037	671
1037	798
1037	1071
1037	872
1037	610
1037	606
1037	1213
1037	1150
1037	655
1037	769
1037	1051
1037	926
1037	785
1037	1286
1037	1232
1037	1190
1037	475
1037	647
848	766
848	737
848	525
848	465
848	1037
848	1044
848	653
848	1129
848	710
848	614
848	1276
848	1052
848	1163
848	946
848	1265
848	617
848	1308
848	443
848	687
848	584
848	1171
848	588
848	1366
848	1192
848	426
848	640
848	1317
848	576
848	1356
848	724
848	1186
848	718
848	1348
848	967
848	447
848	665
848	742
848	1297
848	859
848	678
848	612
848	686
848	963
848	1310
848	1211
848	1363
848	1288
848	1271
848	882
848	1188
848	417
848	838
848	1152
848	444
848	803
848	458
848	966
848	459
848	671
848	872
848	610
848	606
848	1213
848	1150
848	655
848	769
848	1051
848	926
848	785
848	1286
848	1232
848	1047
848	1272
848	1190
848	475
848	647
442	1276
442	1265
442	1171
442	724
442	1348
442	1211
442	1271
442	803
442	1180
442	1048
1044	766
1044	737
1044	525
1044	1164
1044	465
1044	1037
1044	848
1044	653
1044	1129
1044	710
1044	614
1044	1276
1044	1052
1044	1163
1044	946
1044	1265
1044	617
1044	1308
1044	443
1044	687
1044	1171
1044	588
1044	1366
1044	1192
1044	426
1044	539
1044	640
1044	1317
1044	576
1044	1356
1044	724
1044	1186
1044	718
1044	1348
1044	967
1044	447
1044	665
1044	742
1044	1297
1044	859
1044	678
1044	612
1044	963
1044	1310
1044	1363
1044	1060
1044	1288
1044	925
1044	1271
1044	882
1044	1188
1044	1152
1044	803
1044	458
1044	821
1044	966
1044	671
1044	872
1044	610
1044	606
1044	1213
1044	1150
1044	655
1044	769
1044	1051
1044	926
1044	785
1044	1180
1044	1286
1044	1232
1044	1190
1044	475
1044	708
1044	647
653	766
653	737
653	1164
653	1037
653	848
653	1044
653	1129
653	710
653	614
653	1276
653	946
653	1265
653	584
653	1171
653	588
653	1356
653	1186
653	718
653	1348
653	1053
653	665
653	742
653	1288
653	1271
653	882
653	1188
653	458
653	481
653	459
653	872
653	606
653	1213
653	1150
653	655
653	1266
653	769
653	926
653	785
653	1286
653	1232
1291	1129
1291	443
1291	1186
1291	1348
1291	445
1291	686
1291	1188
1291	1048
1129	927
1129	766
1129	737
1129	525
1129	1164
1129	1178
1129	465
1129	1037
1129	848
1129	1044
1129	653
1129	1291
1129	710
1129	614
1129	1276
1129	1163
1129	946
1129	1265
1129	448
1129	617
1129	1308
1129	443
1129	687
1129	584
1129	1171
1129	588
1129	1366
1129	1192
1129	426
1129	539
1129	640
1129	599
1129	1317
1129	576
1129	1356
1129	724
1129	1186
1129	718
1129	514
1129	1065
1129	1348
1129	445
1129	967
1129	447
1129	665
1129	742
1129	1297
1129	859
1129	678
1129	612
1129	963
1129	1310
1129	1211
1129	1363
1129	1060
1129	1288
1129	1309
1129	1271
1129	968
1129	882
1129	578
1129	1188
1129	838
1129	1152
1129	444
1129	803
1129	458
1129	481
1129	966
1129	716
1129	965
1129	671
1129	872
1129	610
1129	672
1129	606
1129	1213
1129	587
1129	1150
1129	655
1129	769
1129	554
1129	1051
1129	926
1129	1304
1129	785
1129	1048
1129	497
1129	1286
1129	1232
1129	1047
1129	1272
1129	1190
1129	475
1129	708
1129	862
1129	647
1129	1373
710	737
710	525
710	465
710	1037
710	848
710	1044
710	653
710	1129
710	765
710	1139
710	1163
710	946
710	1265
710	617
710	443
710	687
710	446
710	1127
710	1171
710	588
710	684
710	1366
710	1192
710	426
710	640
710	1317
710	576
710	1356
710	724
710	1030
710	1186
710	718
710	1348
710	967
710	447
710	665
710	1085
710	742
710	1297
710	859
710	678
710	612
710	963
710	1310
710	1363
710	964
710	1288
710	637
710	1271
710	882
710	1188
710	485
710	1152
710	444
710	466
710	803
710	458
710	966
710	616
710	527
710	872
710	610
710	606
710	1213
710	1150
710	655
710	769
710	1051
710	926
710	470
710	962
710	1141
710	1142
710	1283
710	1305
710	1286
710	464
710	1190
710	475
710	647
710	1261
614	737
614	525
614	465
614	1037
614	848
614	1044
614	653
614	1129
614	1276
614	1052
614	1163
614	946
614	1265
614	617
614	1308
614	443
614	687
614	584
614	1171
614	588
614	1366
614	1192
614	426
614	640
614	1317
614	576
614	1356
614	724
614	1186
614	718
614	1348
614	445
614	967
614	447
614	665
614	742
614	1297
614	859
614	678
614	612
614	686
614	963
614	1310
614	1211
614	1363
614	1288
614	925
614	1271
614	882
614	1188
614	838
614	1152
614	444
614	803
614	458
614	821
614	966
614	671
614	872
614	610
614	606
614	1213
614	1150
614	655
614	769
614	1051
614	926
614	1180
614	1048
614	1286
614	1047
614	1272
614	1190
614	475
614	647
1273	1190
1276	766
1276	737
1276	525
1276	1164
1276	465
1276	971
1276	1037
1276	848
1276	442
1276	1044
1276	653
1276	1129
1276	614
1276	1163
1276	946
1276	1265
1276	617
1276	443
1276	687
1276	726
1276	1171
1276	588
1276	1106
1276	1366
1276	1192
1276	426
1276	640
1276	599
1276	1317
1276	576
1276	1356
1276	724
1276	1186
1276	718
1276	1348
1276	967
1276	1333
1276	447
1276	665
1276	742
1276	1297
1276	859
1276	1198
1276	598
1276	678
1276	612
1276	438
1276	963
1276	1310
1276	1211
1276	1363
1276	1288
1276	1271
1276	882
1276	797
1276	1188
1276	838
1276	1152
1276	1059
1276	803
1276	458
1276	966
1276	902
1276	671
1276	798
1276	1071
1276	872
1276	610
1276	606
1276	1213
1276	1150
1276	655
1276	769
1276	1051
1276	926
1276	763
1276	1286
1276	1047
1276	1272
1276	1190
1276	475
1276	647
765	710
765	1139
765	772
765	439
765	667
765	1314
765	800
765	1043
765	968
765	1257
765	878
765	454
765	1190
530	772
530	439
530	1314
530	1148
530	800
530	1043
530	1257
530	878
530	454
1139	710
1139	765
1139	772
1139	439
1139	1344
1139	667
1139	1314
1139	800
1139	1043
1139	968
1139	1257
1139	878
1139	454
1052	848
1052	1044
1052	614
1052	617
1052	1171
1052	588
1052	1192
1052	665
1052	1310
1052	882
1052	671
1052	655
1052	926
1163	766
1163	737
1163	525
1163	465
1163	1037
1163	848
1163	1044
1163	1129
1163	710
1163	614
1163	1276
1163	1356
1163	1186
1163	1348
1163	665
1163	1288
1163	882
1163	1188
1163	458
1163	872
1163	606
1163	1213
1163	1150
1163	655
1163	769
1163	926
1163	785
1163	1286
1163	1232
946	927
946	766
946	737
946	465
946	971
946	1037
946	848
946	1044
946	653
946	1129
946	710
946	614
946	1276
946	617
946	1308
946	1171
946	588
946	599
946	1317
946	1356
946	1186
946	1348
946	665
946	678
946	1288
946	882
946	1188
946	458
946	902
946	798
946	1071
946	872
946	606
946	1213
946	1150
946	655
946	769
946	1051
946	926
946	785
946	1286
946	1232
946	1190
946	475
1265	766
1265	737
1265	525
1265	1164
1265	1037
1265	848
1265	442
1265	1044
1265	653
1265	1129
1265	710
1265	614
1265	1276
1265	617
1265	726
1265	1171
1265	1106
1265	1366
1265	640
1265	1356
1265	1186
1265	718
1265	1348
1265	1333
1265	447
1265	665
1265	1198
1265	598
1265	678
1265	963
1265	1211
1265	1363
1265	1288
1265	1271
1265	882
1265	797
1265	1188
1265	838
1265	1059
1265	803
1265	458
1265	902
1265	798
1265	872
1265	606
1265	1213
1265	1150
1265	655
1265	769
1265	926
1265	785
1265	763
1265	1286
1265	1232
1265	1047
1265	1272
448	1129
448	443
448	1186
448	1348
448	445
448	686
448	1188
448	1048
617	930
617	927
617	766
617	737
617	525
617	1164
617	1178
617	465
617	971
617	1037
617	848
617	1044
617	1129
617	710
617	614
617	1276
617	1052
617	946
617	1265
617	1308
617	443
617	584
617	1171
617	588
617	1366
617	1192
617	640
617	599
617	1317
617	576
617	1356
617	724
617	912
617	1186
617	718
617	1348
617	445
617	967
617	447
617	665
617	742
617	859
617	678
617	438
617	963
617	1310
617	1363
617	1288
617	1271
617	968
617	882
617	1188
617	1059
617	803
617	458
617	481
617	902
617	671
617	798
617	1071
617	872
617	672
617	606
617	1213
617	1150
617	655
617	769
617	1051
617	926
617	785
617	1286
617	1232
617	1190
617	475
617	1373
1308	766
1308	1178
1308	1037
1308	848
1308	1044
1308	1129
1308	614
1308	946
1308	617
1308	443
1308	687
1308	584
1308	1171
1308	588
1308	1192
1308	1356
1308	724
1308	718
1308	1348
1308	445
1308	665
1308	742
1308	1310
1308	1211
1308	882
1308	1188
1308	838
1308	803
1308	671
1308	655
1308	926
1308	1180
1308	1048
443	766
443	737
443	1178
443	1037
443	848
443	1044
443	1291
443	1129
443	710
443	614
443	1276
443	448
443	617
443	1308
443	1171
443	588
443	539
443	1356
443	724
443	1030
443	1186
443	718
443	514
443	1065
443	1348
443	445
443	665
443	1211
443	1288
443	1309
443	882
443	578
443	1188
443	458
443	966
443	716
443	965
443	527
443	872
443	606
443	1213
443	587
443	1150
443	655
443	769
443	874
443	926
443	1304
443	785
443	497
443	1286
443	1232
443	1190
443	862
687	766
687	737
687	1178
687	465
687	971
687	1037
687	848
687	1044
687	1129
687	710
687	614
687	1276
687	1308
687	772
687	726
687	1171
687	439
687	1106
687	1192
687	426
687	640
687	599
687	1317
687	1356
687	724
687	1186
687	1348
687	445
687	1314
687	1333
687	447
687	665
687	859
687	800
687	598
687	1310
687	1211
687	1043
687	1288
687	925
687	882
687	797
687	1188
687	838
687	1059
687	458
687	1257
687	902
687	798
687	527
687	1071
687	872
687	878
687	606
687	1213
687	1150
687	655
687	769
687	874
687	926
687	785
687	1180
687	763
687	1048
687	792
687	1286
687	1232
687	454
687	487
687	647
446	710
446	772
446	439
446	667
446	1314
446	800
446	1043
446	968
446	1257
446	878
446	454
1127	710
1127	772
1127	439
1127	667
1127	1314
1127	800
1127	1043
1127	968
1127	1257
1127	878
1127	454
570	584
584	766
584	1037
584	848
584	653
584	1129
584	614
584	617
584	1308
584	570
584	1171
584	1366
584	640
584	1356
584	718
584	1348
584	665
584	742
584	678
584	1310
584	882
584	1188
584	838
584	1152
584	444
584	803
584	671
584	606
584	926
584	1190
772	765
772	530
772	1139
772	687
772	446
772	1127
772	684
772	1344
772	1030
772	445
772	1085
772	1211
772	964
772	637
772	838
772	485
772	444
772	466
772	616
772	470
772	962
772	1141
772	1142
772	1283
772	1305
772	1180
772	1048
772	464
772	1261
726	1276
726	1265
726	687
726	1171
726	640
726	686
726	1211
726	1271
726	838
726	803
726	527
726	1180
726	1048
1171	766
1171	737
1171	525
1171	1164
1171	1178
1171	465
1171	971
1171	1037
1171	848
1171	442
1171	1044
1171	653
1171	1129
1171	710
1171	614
1171	1276
1171	1052
1171	946
1171	1265
1171	617
1171	1308
1171	443
1171	687
1171	584
1171	726
1171	588
1171	1106
1171	1366
1171	1192
1171	640
1171	599
1171	1317
1171	576
1171	1356
1171	724
1171	1186
1171	718
1171	1348
1171	1333
1171	447
1171	665
1171	742
1171	1297
1171	1198
1171	598
1171	678
1171	438
1171	963
1171	1310
1171	1211
1171	1363
1171	1288
1171	1271
1171	882
1171	797
1171	1188
1171	838
1171	1059
1171	803
1171	458
1171	902
1171	671
1171	798
1171	1071
1171	872
1171	606
1171	1213
1171	1150
1171	655
1171	769
1171	874
1171	926
1171	785
1171	763
1171	1286
1171	1232
1171	1047
1171	1272
1171	1190
1171	475
588	927
588	766
588	737
588	525
588	1164
588	1178
588	465
588	971
588	1037
588	848
588	1044
588	653
588	1129
588	710
588	614
588	1276
588	1052
588	946
588	617
588	1308
588	443
588	1171
588	1192
588	640
588	599
588	1317
588	576
588	1356
588	724
588	912
588	1186
588	718
588	1348
588	445
588	967
588	447
588	665
588	678
588	438
588	963
588	1310
588	1363
588	1288
588	1271
588	968
588	882
588	1188
588	1059
588	458
588	481
588	459
588	902
588	671
588	798
588	1071
588	872
588	672
588	606
588	1213
588	1150
588	655
588	1266
588	769
588	1051
588	926
588	785
588	1286
588	1232
588	1190
588	475
588	1373
439	765
439	530
439	1139
439	687
439	446
439	1127
439	684
439	1344
439	1030
439	445
439	1085
439	1211
439	964
439	637
439	838
439	485
439	444
439	466
439	616
439	470
439	962
439	1141
439	1142
439	1283
439	1305
439	1180
439	1048
439	464
439	1261
684	710
684	772
684	439
684	667
684	1314
684	800
684	1043
684	968
684	1257
684	878
684	454
684	1190
1106	1276
1106	1265
1106	687
1106	1171
1106	640
1106	686
1106	1211
1106	1271
1106	838
1106	803
1106	527
1106	1180
1106	1048
1366	766
1366	737
1366	1164
1366	1037
1366	848
1366	1044
1366	1129
1366	710
1366	614
1366	1276
1366	1265
1366	617
1366	584
1366	1171
1366	1192
1366	1356
1366	724
1366	1186
1366	718
1366	1254
1366	1348
1366	447
1366	665
1366	742
1366	1185
1366	1310
1366	1288
1366	795
1366	1271
1366	882
1366	1188
1366	458
1366	872
1366	606
1366	1213
1366	1150
1366	655
1366	769
1366	926
1366	785
1366	1286
1366	1232
1366	1176
1192	766
1192	737
1192	525
1192	465
1192	971
1192	1037
1192	848
1192	1044
1192	1129
1192	710
1192	614
1192	1276
1192	1052
1192	617
1192	1308
1192	687
1192	1171
1192	588
1192	1366
1192	640
1192	599
1192	1317
1192	576
1192	1356
1192	1186
1192	718
1192	1348
1192	967
1192	447
1192	665
1192	678
1192	963
1192	1310
1192	1363
1192	1288
1192	882
1192	1188
1192	417
1192	803
1192	458
1192	459
1192	902
1192	671
1192	798
1192	1071
1192	872
1192	606
1192	1213
1192	1150
1192	655
1192	769
1192	926
1192	785
1192	1286
1192	1232
1192	1190
1192	475
1344	1139
1344	772
1344	439
1344	1314
1344	800
1344	1211
1344	1043
1344	838
1344	1257
1344	878
1344	1180
1344	1048
1344	454
426	766
426	737
426	525
426	465
426	1037
426	848
426	1044
426	1129
426	710
426	614
426	1276
426	687
426	640
426	1356
426	1186
426	1348
426	665
426	1288
426	882
426	1188
426	458
426	872
426	606
426	1213
426	1150
426	655
426	769
426	926
426	785
426	1286
426	1232
539	1044
539	1129
539	443
539	1186
539	718
539	1348
539	445
539	686
539	1188
539	1048
539	1190
640	766
640	737
640	1164
640	971
640	1037
640	848
640	1044
640	1129
640	710
640	614
640	1276
640	1265
640	617
640	687
640	584
640	726
640	1171
640	588
640	1106
640	1192
640	426
640	599
640	1317
640	1356
640	724
640	1186
640	718
640	1348
640	1333
640	447
640	665
640	742
640	859
640	598
640	1310
640	1288
640	925
640	1271
640	882
640	797
640	1188
640	1059
640	458
640	902
640	671
640	798
640	1071
640	872
640	606
640	1213
640	1150
640	655
640	769
640	926
640	785
640	1180
640	763
640	792
640	1286
640	1232
640	487
640	1190
599	766
599	737
599	465
599	971
599	1037
599	1129
599	1276
599	946
599	617
599	687
599	1171
599	588
599	1192
599	640
599	1317
599	1356
599	724
599	438
599	963
599	1288
599	1271
599	882
599	1059
599	458
599	902
599	671
599	798
599	1071
599	872
599	606
599	1213
599	1150
599	926
599	1190
599	475
1317	766
1317	737
1317	525
1317	465
1317	971
1317	1037
1317	848
1317	1044
1317	1129
1317	710
1317	614
1317	1276
1317	946
1317	617
1317	687
1317	1171
1317	588
1317	1192
1317	640
1317	599
1317	1356
1317	1186
1317	1348
1317	665
1317	438
1317	963
1317	1288
1317	1271
1317	882
1317	1188
1317	1059
1317	458
1317	902
1317	671
1317	798
1317	1071
1317	872
1317	606
1317	1213
1317	1150
1317	655
1317	769
1317	926
1317	785
1317	1286
1317	1232
1317	1190
1317	475
576	766
576	737
576	1037
576	848
576	1044
576	1129
576	710
576	614
576	1276
576	617
576	1171
576	588
576	1192
576	1356
576	1186
576	1348
576	665
576	1310
576	1288
576	882
576	1188
576	458
576	671
576	872
576	606
576	1213
576	1150
576	655
576	769
576	926
576	785
576	1286
576	1232
1356	766
1356	737
1356	525
1356	1164
1356	465
1356	971
1356	1037
1356	848
1356	1044
1356	653
1356	1129
1356	710
1356	614
1356	1276
1356	1163
1356	946
1356	1265
1356	617
1356	1308
1356	443
1356	687
1356	584
1356	1171
1356	588
1356	1366
1356	1192
1356	426
1356	640
1356	599
1356	1317
1356	576
1356	724
1356	1186
1356	718
1356	1348
1356	445
1356	967
1356	447
1356	665
1356	742
1356	1297
1356	859
1356	678
1356	612
1356	686
1356	963
1356	1310
1356	1211
1356	1363
1356	1060
1356	1288
1356	1271
1356	882
1356	1188
1356	838
1356	1152
1356	444
1356	803
1356	458
1356	966
1356	902
1356	671
1356	798
1356	1071
1356	872
1356	610
1356	606
1356	1213
1356	1150
1356	655
1356	769
1356	1051
1356	926
1356	785
1356	1048
1356	1286
1356	1232
1356	1047
1356	1272
1356	1190
1356	475
1356	647
724	766
724	737
724	1178
724	1037
724	848
724	442
724	1044
724	1129
724	710
724	614
724	1276
724	617
724	1308
724	443
724	687
724	1171
724	588
724	1366
724	640
724	599
724	1356
724	1186
724	1348
724	445
724	967
724	665
724	1310
724	1211
724	1288
724	882
724	1188
724	417
724	838
724	458
724	671
724	872
724	606
724	1213
724	1150
724	655
724	769
724	926
724	785
724	1180
724	1048
724	1286
724	1232
912	934
912	1178
912	617
912	588
912	671
912	727
912	1373
1030	710
1030	443
1030	772
1030	439
1030	667
1030	1348
1030	1314
1030	800
1030	1043
1030	968
1030	1257
1030	878
1030	1048
1030	454
1030	1190
1186	766
1186	737
1186	525
1186	465
1186	1037
1186	848
1186	1044
1186	653
1186	1291
1186	1129
1186	710
1186	614
1186	1276
1186	1163
1186	946
1186	1265
1186	448
1186	617
1186	443
1186	687
1186	1171
1186	588
1186	1366
1186	1192
1186	426
1186	539
1186	640
1186	1317
1186	576
1186	1356
1186	724
1186	718
1186	514
1186	1065
1186	1348
1186	445
1186	967
1186	447
1186	665
1186	742
1186	1297
1186	859
1186	678
1186	612
1186	963
1186	1310
1186	1211
1186	1363
1186	1060
1186	1288
1186	1309
1186	1271
1186	882
1186	578
1186	1188
1186	1152
1186	803
1186	458
1186	966
1186	459
1186	716
1186	965
1186	872
1186	610
1186	606
1186	1213
1186	587
1186	1150
1186	655
1186	769
1186	874
1186	1051
1186	926
1186	1304
1186	785
1186	1048
1186	497
1186	1286
1186	1232
1186	1176
1186	1190
1186	475
1186	862
1186	647
667	765
667	1139
667	446
667	1127
667	684
667	1030
667	1085
667	964
667	637
667	485
667	444
667	466
667	616
667	527
667	470
667	962
667	1141
667	1142
667	1283
667	1305
667	464
667	1261
718	927
718	766
718	737
718	525
718	1178
718	1037
718	848
718	1044
718	653
718	1129
718	710
718	614
718	1276
718	1265
718	617
718	1308
718	443
718	584
718	1171
718	588
718	1366
718	1192
718	539
718	640
718	1356
718	1186
718	1348
718	967
718	447
718	665
718	742
718	678
718	963
718	1310
718	1211
718	1363
718	1060
718	1288
718	1271
718	968
718	882
718	1188
718	838
718	1152
718	444
718	803
718	458
718	481
718	459
718	671
718	872
718	672
718	606
718	1213
718	1150
718	655
718	769
718	1051
718	926
718	785
718	1048
718	1286
718	1232
718	1047
718	1272
718	1190
718	708
718	1373
471	1148
471	1257
471	878
514	1129
514	443
514	1186
514	1348
514	445
514	686
514	1188
514	1048
1065	1129
1065	443
1065	1186
1065	1348
1065	445
1065	686
1065	1188
1065	1048
1254	1366
1254	1185
1254	686
1254	795
1348	766
1348	737
1348	525
1348	1164
1348	1178
1348	465
1348	1037
1348	848
1348	442
1348	1044
1348	653
1348	1291
1348	1129
1348	710
1348	614
1348	1276
1348	1163
1348	946
1348	1265
1348	448
1348	617
1348	1308
1348	443
1348	687
1348	584
1348	1171
1348	588
1348	1366
1348	1192
1348	426
1348	539
1348	640
1348	1317
1348	576
1348	1356
1348	724
1348	1030
1348	1186
1348	718
1348	514
1348	1065
1348	445
1348	967
1348	447
1348	665
1348	742
1348	1297
1348	859
1348	678
1348	612
1348	963
1348	1310
1348	1211
1348	1363
1348	1288
1348	1309
1348	1271
1348	882
1348	578
1348	1188
1348	1152
1348	803
1348	458
1348	966
1348	716
1348	965
1348	671
1348	527
1348	872
1348	610
1348	606
1348	1213
1348	587
1348	1150
1348	655
1348	769
1348	874
1348	1051
1348	926
1348	1304
1348	785
1348	497
1348	1286
1348	1232
1348	1190
1348	475
1348	862
1348	647
445	766
445	1178
445	1291
445	1129
445	614
445	448
445	617
445	1308
445	443
445	687
445	772
445	588
445	439
445	539
445	1356
445	724
445	1186
445	514
445	1065
445	1348
445	1314
445	800
445	686
445	1211
445	1043
445	1309
445	882
445	578
445	1188
445	1257
445	966
445	716
445	965
445	872
445	878
445	587
445	1150
445	1304
445	1048
445	497
445	454
445	862
967	927
967	766
967	737
967	1178
967	1037
967	848
967	1044
967	1129
967	710
967	614
967	1276
967	617
967	588
967	1192
967	1356
967	724
967	1186
967	718
967	1348
967	447
967	665
967	678
967	1310
967	1288
967	968
967	882
967	1188
967	458
967	481
967	671
967	872
967	672
967	606
967	1213
967	1150
967	655
967	769
967	874
967	1051
967	926
967	785
967	1286
967	1232
967	1190
967	1373
1314	765
1314	530
1314	1139
1314	687
1314	446
1314	1127
1314	684
1314	1344
1314	1030
1314	445
1314	1085
1314	1211
1314	964
1314	637
1314	838
1314	485
1314	444
1314	466
1314	616
1314	470
1314	962
1314	1141
1314	1142
1314	1283
1314	1305
1314	1180
1314	1048
1314	464
1314	1261
1333	1276
1333	1265
1333	687
1333	1171
1333	640
1333	686
1333	1211
1333	1271
1333	838
1333	803
1333	527
1333	1180
1333	1048
1053	653
1053	1059
447	766
447	737
447	1164
447	1037
447	848
447	1044
447	1129
447	710
447	614
447	1276
447	1265
447	617
447	687
447	1171
447	588
447	1366
447	1192
447	640
447	1356
447	1186
447	718
447	1348
447	967
447	665
447	1310
447	1288
447	1271
447	882
447	1188
447	417
447	458
447	671
447	872
447	606
447	1213
447	1150
447	655
447	769
447	926
447	785
447	1286
447	1232
447	1190
665	766
665	737
665	525
665	465
665	1037
665	848
665	1044
665	653
665	1129
665	710
665	614
665	1276
665	1052
665	1163
665	946
665	1265
665	617
665	1308
665	443
665	687
665	584
665	1171
665	588
665	1366
665	1192
665	426
665	640
665	1317
665	576
665	1356
665	724
665	1186
665	718
665	1348
665	967
665	447
665	742
665	1297
665	859
665	678
665	612
665	963
665	1310
665	1211
665	1363
665	1288
665	1271
665	882
665	1188
665	838
665	1152
665	444
665	803
665	458
665	966
665	671
665	872
665	610
665	606
665	1213
665	1150
665	655
665	769
665	1051
665	926
665	785
665	1286
665	1232
665	1047
665	1272
665	1190
665	475
665	647
893	1185
893	723
893	795
1085	710
1085	772
1085	439
1085	667
1085	1314
1085	800
1085	1043
1085	968
1085	1257
1085	878
1085	454
742	766
742	737
742	1037
742	848
742	1044
742	653
742	1129
742	710
742	614
742	1276
742	617
742	1308
742	584
742	1171
742	1366
742	640
742	1356
742	1186
742	718
742	1348
742	665
742	678
742	1310
742	1288
742	882
742	1188
742	838
742	1152
742	444
742	555
742	458
742	671
742	872
742	606
742	1213
742	1150
742	655
742	769
742	926
742	785
742	1286
742	1232
742	1176
742	1190
1297	766
1297	737
1297	1037
1297	848
1297	1044
1297	1129
1297	710
1297	614
1297	1276
1297	1171
1297	1356
1297	1186
1297	1348
1297	665
1297	1288
1297	882
1297	1188
1297	458
1297	459
1297	872
1297	606
1297	1213
1297	1150
1297	655
1297	769
1297	926
1297	785
1297	1286
1297	1232
1297	1190
859	766
859	737
859	1037
859	848
859	1044
859	1129
859	710
859	614
859	1276
859	617
859	687
859	640
859	1356
859	1186
859	1348
859	665
859	1288
859	882
859	1188
859	458
859	671
859	872
859	606
859	1213
859	1150
859	655
859	769
859	926
859	785
859	1286
859	1232
859	1190
1148	530
1148	471
800	765
800	530
800	1139
800	687
800	446
800	1127
800	684
800	1344
800	1030
800	445
800	1085
800	1211
800	964
800	637
800	838
800	485
800	444
800	466
800	616
800	470
800	962
800	1141
800	1142
800	1283
800	1305
800	1180
800	1048
800	464
800	1261
1185	1366
1185	1254
1185	893
1185	723
1185	686
1185	1363
1185	417
1198	1276
1198	1265
1198	1171
1198	686
1198	1211
1198	1271
1198	838
1198	803
1198	527
1198	1180
1198	1048
598	1276
598	1265
598	687
598	1171
598	640
598	686
598	1211
598	1271
598	838
598	803
598	527
598	1180
598	1048
678	927
678	766
678	737
678	525
678	1164
678	1178
678	465
678	1037
678	848
678	1044
678	1129
678	710
678	614
678	1276
678	946
678	1265
678	617
678	584
678	1171
678	588
678	1192
678	1356
678	1186
678	718
678	1348
678	967
678	665
678	742
678	1288
678	1271
678	968
678	882
678	1188
678	458
678	481
678	671
678	872
678	672
678	606
678	1213
678	1150
678	655
678	769
678	1051
678	926
678	785
678	1286
678	1232
678	1190
678	1373
612	766
612	737
612	1037
612	848
612	1044
612	1129
612	710
612	614
612	1276
612	1356
612	1186
612	1348
612	665
612	1288
612	882
612	1188
612	458
612	872
612	606
612	1213
612	1150
612	655
612	769
612	926
612	785
612	1286
612	1232
612	1190
723	893
723	1185
723	795
686	766
686	848
686	1291
686	614
686	448
686	726
686	1106
686	539
686	1356
686	514
686	1065
686	1254
686	445
686	1333
686	1185
686	1198
686	598
686	1310
686	1211
686	795
686	1309
686	882
686	578
686	797
686	1059
686	458
686	966
686	716
686	902
686	965
686	798
686	872
686	587
686	1150
686	655
686	926
686	1304
686	763
686	497
686	1190
686	862
438	737
438	465
438	971
438	1276
438	617
438	1171
438	588
438	599
438	1317
438	1288
438	902
438	798
438	1071
438	606
438	1213
438	926
438	475
438	1373
963	766
963	737
963	1164
963	465
963	971
963	1037
963	848
963	1044
963	1129
963	710
963	614
963	1276
963	1265
963	617
963	1171
963	588
963	1192
963	599
963	1317
963	1356
963	1186
963	718
963	1348
963	665
963	1310
963	1288
963	1271
963	882
963	1188
963	458
963	902
963	798
963	1071
963	872
963	606
963	1213
963	1150
963	655
963	769
963	926
963	785
963	1286
963	1232
963	1190
963	475
1310	1354
1310	766
1310	737
1310	525
1310	1037
1310	848
1310	1044
1310	1129
1310	710
1310	614
1310	1276
1310	1052
1310	617
1310	1308
1310	687
1310	584
1310	1171
1310	588
1310	1366
1310	1192
1310	640
1310	576
1310	1356
1310	724
1310	1186
1310	718
1310	1348
1310	967
1310	447
1310	665
1310	742
1310	686
1310	963
1310	1363
1310	1060
1310	1288
1310	882
1310	1188
1310	417
1310	803
1310	458
1310	671
1310	872
1310	606
1310	1213
1310	1150
1310	655
1310	769
1310	926
1310	785
1310	1180
1310	1048
1310	1286
1310	1232
1310	1176
1310	1190
1310	708
1211	766
1211	1164
1211	848
1211	442
1211	1129
1211	614
1211	1276
1211	1265
1211	1308
1211	443
1211	687
1211	772
1211	726
1211	1171
1211	439
1211	1106
1211	1344
1211	1356
1211	724
1211	1186
1211	718
1211	1348
1211	445
1211	1314
1211	1333
1211	665
1211	800
1211	1198
1211	598
1211	686
1211	1043
1211	1271
1211	882
1211	797
1211	1188
1211	838
1211	1059
1211	803
1211	1257
1211	902
1211	798
1211	878
1211	1180
1211	763
1211	1048
1211	454
1363	766
1363	737
1363	1164
1363	1037
1363	848
1363	1044
1363	1129
1363	710
1363	614
1363	1276
1363	1265
1363	617
1363	1171
1363	588
1363	1192
1363	1356
1363	1186
1363	718
1363	1348
1363	665
1363	1185
1363	1310
1363	1288
1363	795
1363	1271
1363	882
1363	1188
1363	458
1363	671
1363	872
1363	606
1363	1213
1363	1150
1363	655
1363	769
1363	926
1363	785
1363	1286
1363	1232
964	710
964	772
964	439
964	667
964	1314
964	800
964	1043
964	968
964	1257
964	878
964	454
1043	765
1043	530
1043	1139
1043	687
1043	446
1043	1127
1043	684
1043	1344
1043	1030
1043	445
1043	1085
1043	1211
1043	964
1043	637
1043	838
1043	485
1043	444
1043	466
1043	616
1043	470
1043	962
1043	1141
1043	1142
1043	1283
1043	1305
1043	1180
1043	1048
1043	464
1043	1261
1060	1037
1060	1044
1060	1129
1060	1356
1060	1186
1060	718
1060	1310
1060	1188
1060	803
1060	458
1060	1213
1060	655
1060	769
1060	926
1060	1286
1060	1190
1288	766
1288	737
1288	525
1288	465
1288	971
1288	1037
1288	848
1288	1044
1288	653
1288	1129
1288	710
1288	614
1288	1276
1288	1163
1288	946
1288	1265
1288	617
1288	443
1288	687
1288	1171
1288	588
1288	1366
1288	1192
1288	426
1288	640
1288	599
1288	1317
1288	576
1288	1356
1288	724
1288	1186
1288	718
1288	1348
1288	967
1288	447
1288	665
1288	742
1288	1297
1288	859
1288	678
1288	612
1288	438
1288	963
1288	1310
1288	1363
1288	1271
1288	882
1288	1188
1288	1152
1288	1059
1288	803
1288	458
1288	966
1288	902
1288	671
1288	798
1288	1071
1288	872
1288	610
1288	606
1288	1213
1288	1150
1288	655
1288	769
1288	1051
1288	926
1288	785
1288	1048
1288	1286
1288	1232
1288	1190
1288	475
1288	647
925	525
925	465
925	1044
925	614
925	687
925	640
925	1232
637	710
637	772
637	439
637	667
637	1314
637	800
637	1043
637	968
637	1257
637	878
637	454
795	1366
795	1254
795	893
795	723
795	686
795	1363
795	417
1309	1129
1309	443
1309	1186
1309	1348
1309	445
1309	686
1309	1188
1309	1048
1309	1190
1271	766
1271	737
1271	525
1271	1164
1271	465
1271	971
1271	1037
1271	848
1271	442
1271	1044
1271	653
1271	1129
1271	710
1271	614
1271	1276
1271	1265
1271	617
1271	726
1271	1171
1271	588
1271	1106
1271	1366
1271	640
1271	599
1271	1317
1271	1356
1271	1186
1271	718
1271	1348
1271	1333
1271	447
1271	665
1271	1198
1271	598
1271	678
1271	963
1271	1211
1271	1363
1271	1288
1271	882
1271	797
1271	1188
1271	838
1271	1059
1271	803
1271	458
1271	902
1271	798
1271	1071
1271	872
1271	606
1271	1213
1271	1150
1271	655
1271	769
1271	926
1271	785
1271	763
1271	1286
1271	1232
1271	1047
1271	1272
1271	1190
1271	475
968	927
968	1178
968	1129
968	765
968	1139
968	617
968	446
968	1127
968	588
968	684
968	1030
968	718
968	967
968	1085
968	678
968	964
968	637
968	485
968	444
968	466
968	458
968	481
968	616
968	671
968	527
968	672
968	1051
968	470
968	962
968	1141
968	1142
968	1283
968	1305
968	464
968	1373
968	1261
882	766
882	737
882	525
882	465
882	971
882	1037
882	848
882	1044
882	653
882	1129
882	710
882	614
882	1276
882	1052
882	1163
882	946
882	1265
882	617
882	1308
882	443
882	687
882	584
882	1171
882	588
882	1366
882	1192
882	426
882	640
882	599
882	1317
882	576
882	1356
882	724
882	1186
882	718
882	1348
882	445
882	967
882	447
882	665
882	742
882	1297
882	859
882	678
882	612
882	686
882	963
882	1310
882	1211
882	1363
882	1288
882	1271
882	1188
882	838
882	1152
882	444
882	803
882	458
882	966
882	902
882	671
882	798
882	1071
882	872
882	610
882	606
882	1213
882	1150
882	655
882	769
882	1051
882	926
882	785
882	1048
882	1286
882	1232
882	1047
882	1272
882	1190
882	475
882	647
578	1129
578	443
578	1186
578	1348
578	445
578	686
578	1188
578	1048
797	1276
797	1265
797	687
797	1171
797	640
797	686
797	1211
797	1271
797	838
797	803
797	527
797	1180
797	1048
1188	766
1188	737
1188	525
1188	1164
1188	465
1188	1037
1188	848
1188	1044
1188	653
1188	1291
1188	1129
1188	710
1188	614
1188	1276
1188	1163
1188	946
1188	1265
1188	448
1188	617
1188	1308
1188	443
1188	687
1188	584
1188	1171
1188	588
1188	1366
1188	1192
1188	426
1188	539
1188	640
1188	1317
1188	576
1188	1356
1188	724
1188	1186
1188	718
1188	514
1188	1065
1188	1348
1188	445
1188	967
1188	447
1188	665
1188	742
1188	1297
1188	859
1188	678
1188	612
1188	963
1188	1310
1188	1211
1188	1363
1188	1060
1188	1288
1188	1309
1188	1271
1188	882
1188	578
1188	838
1188	1152
1188	444
1188	803
1188	458
1188	966
1188	459
1188	716
1188	965
1188	671
1188	872
1188	610
1188	606
1188	1213
1188	587
1188	1150
1188	655
1188	769
1188	874
1188	1051
1188	926
1188	1304
1188	785
1188	1048
1188	497
1188	1286
1188	1232
1188	1047
1188	1176
1188	1272
1188	1190
1188	475
1188	708
1188	862
1188	647
417	1037
417	848
417	1192
417	724
417	447
417	1185
417	1310
417	795
417	458
417	1213
417	655
417	769
417	926
417	1286
417	1232
838	766
838	1164
838	1037
838	848
838	1129
838	614
838	1276
838	1265
838	1308
838	687
838	584
838	772
838	726
838	1171
838	439
838	1106
838	1344
838	1356
838	724
838	718
838	1314
838	1333
838	665
838	742
838	800
838	1198
838	598
838	1211
838	1043
838	1271
838	882
838	797
838	1188
838	1059
838	1257
838	902
838	798
838	878
838	926
838	1180
838	763
838	1048
838	454
485	710
485	772
485	439
485	667
485	1314
485	800
485	1043
485	968
485	1257
485	878
485	454
1152	766
1152	737
1152	525
1152	465
1152	1037
1152	848
1152	1044
1152	1129
1152	710
1152	614
1152	1276
1152	584
1152	1356
1152	1186
1152	718
1152	1348
1152	665
1152	742
1152	1288
1152	882
1152	1188
1152	458
1152	872
1152	606
1152	1213
1152	1150
1152	655
1152	769
1152	926
1152	785
1152	1286
1152	1232
1059	737
1059	525
1059	465
1059	971
1059	1276
1059	1265
1059	617
1059	687
1059	1171
1059	588
1059	640
1059	599
1059	1317
1059	1053
1059	686
1059	1211
1059	1288
1059	1271
1059	838
1059	803
1059	902
1059	798
1059	527
1059	1071
1059	606
1059	1213
1059	926
1059	1180
1059	1048
1059	1190
1059	475
444	766
444	1037
444	848
444	1129
444	710
444	614
444	584
444	772
444	439
444	1356
444	667
444	718
444	1314
444	665
444	742
444	800
444	1043
444	968
444	882
444	1188
444	1257
444	878
444	926
444	454
466	710
466	772
466	439
466	667
466	1314
466	800
466	1043
466	968
466	1257
466	878
466	454
555	742
803	915
803	766
803	737
803	1164
803	1037
803	848
803	442
803	1044
803	1129
803	710
803	614
803	1276
803	1265
803	617
803	1308
803	584
803	726
803	1171
803	1106
803	1192
803	1356
803	1186
803	718
803	1348
803	1333
803	665
803	1198
803	598
803	1310
803	1211
803	1060
803	1288
803	1271
803	882
803	797
803	1188
803	1059
803	458
803	966
803	902
803	798
803	872
803	606
803	1213
803	1150
803	655
803	769
803	926
803	785
803	763
803	1286
803	1232
458	766
458	737
458	525
458	1164
458	465
458	971
458	1037
458	848
458	1044
458	653
458	1129
458	710
458	614
458	1276
458	1163
458	946
458	1265
458	617
458	443
458	687
458	1171
458	588
458	1366
458	1192
458	426
458	640
458	599
458	1317
458	576
458	1356
458	724
458	1186
458	718
458	1348
458	967
458	447
458	665
458	742
458	1297
458	859
458	678
458	612
458	686
458	963
458	1310
458	1363
458	1060
458	1288
458	1271
458	968
458	882
458	1188
458	417
458	1152
458	803
458	966
458	902
458	671
458	798
458	1071
458	872
458	610
458	606
458	1213
458	1150
458	655
458	769
458	1051
458	926
458	785
458	1286
458	1232
458	1190
458	475
458	708
458	647
1257	765
1257	530
1257	1139
1257	687
1257	446
1257	1127
1257	684
1257	1344
1257	1030
1257	471
1257	445
1257	1085
1257	1211
1257	964
1257	637
1257	838
1257	485
1257	444
1257	466
1257	616
1257	470
1257	962
1257	1141
1257	1142
1257	1283
1257	1305
1257	1180
1257	1048
1257	464
1257	1261
481	927
481	1178
481	653
481	1129
481	617
481	588
481	718
481	967
481	678
481	968
481	671
481	672
481	1051
481	1373
694	1190
821	525
821	465
821	1044
821	614
821	1232
966	766
966	737
966	1037
966	848
966	1044
966	1129
966	710
966	614
966	1276
966	443
966	1356
966	1186
966	1348
966	445
966	665
966	686
966	1288
966	882
966	1188
966	803
966	458
966	872
966	606
966	1213
966	1150
966	655
966	769
966	926
966	785
966	1048
966	1286
966	1232
966	1190
459	848
459	653
459	588
459	1192
459	1186
459	718
459	1297
459	1188
716	1129
716	443
716	1186
716	1348
716	445
716	686
716	1188
716	1048
716	1190
902	766
902	737
902	465
902	971
902	1037
902	1276
902	946
902	1265
902	617
902	687
902	1171
902	588
902	1192
902	640
902	599
902	1317
902	1356
902	686
902	438
902	963
902	1211
902	1288
902	1271
902	882
902	838
902	1059
902	803
902	458
902	671
902	798
902	527
902	1071
902	872
902	606
902	1213
902	1150
902	926
902	1180
902	1048
902	1190
902	475
965	1129
965	443
965	1186
965	1348
965	445
965	686
965	1188
965	1048
616	710
616	772
616	439
616	667
616	1314
616	800
616	1043
616	968
616	1257
616	878
616	454
671	934
671	927
671	766
671	737
671	525
671	1178
671	465
671	971
671	1037
671	848
671	1044
671	1129
671	614
671	1276
671	1052
671	617
671	1308
671	584
671	1171
671	588
671	1192
671	640
671	599
671	1317
671	576
671	1356
671	724
671	912
671	718
671	1348
671	967
671	447
671	665
671	742
671	859
671	678
671	1310
671	1363
671	1288
671	968
671	882
671	1188
671	458
671	481
671	902
671	798
671	1071
671	672
671	606
671	1213
671	655
671	769
671	1051
671	926
671	1286
671	1232
671	1190
671	475
671	1373
798	766
798	737
798	465
798	971
798	1037
798	1276
798	946
798	1265
798	617
798	687
798	1171
798	588
798	1192
798	640
798	599
798	1317
798	1356
798	686
798	438
798	963
798	1211
798	1288
798	1271
798	882
798	838
798	1059
798	803
798	458
798	902
798	671
798	527
798	1071
798	872
798	606
798	1213
798	1150
798	926
798	1180
798	1048
798	1190
798	475
527	915
527	710
527	443
527	687
527	726
527	1106
527	667
527	1348
527	1333
527	1198
527	598
527	968
527	797
527	1059
527	902
527	798
527	574
527	763
527	1048
527	708
1071	766
1071	737
1071	465
1071	971
1071	1037
1071	1276
1071	946
1071	617
1071	687
1071	1171
1071	588
1071	1192
1071	640
1071	599
1071	1317
1071	1356
1071	438
1071	963
1071	1288
1071	1271
1071	882
1071	1059
1071	458
1071	902
1071	671
1071	798
1071	872
1071	606
1071	1213
1071	1150
1071	926
1071	1190
1071	475
872	766
872	737
872	525
872	465
872	971
872	1037
872	848
872	1044
872	653
872	1129
872	710
872	614
872	1276
872	1163
872	946
872	1265
872	617
872	443
872	687
872	1171
872	588
872	1366
872	1192
872	426
872	640
872	599
872	1317
872	576
872	1356
872	724
872	1186
872	718
872	1348
872	445
872	967
872	447
872	665
872	742
872	1297
872	859
872	678
872	612
872	686
872	963
872	1310
872	1363
872	1288
872	1271
872	882
872	1188
872	1152
872	803
872	458
872	966
872	902
872	798
872	1071
872	610
872	606
872	1213
872	1150
872	655
872	769
872	1051
872	926
872	785
872	1048
872	1286
872	1232
872	1190
872	475
872	647
878	765
878	530
878	1139
878	687
878	446
878	1127
878	684
878	1344
878	1030
878	471
878	445
878	1085
878	1211
878	964
878	637
878	838
878	485
878	444
878	466
878	616
878	470
878	962
878	1141
878	1142
878	1283
878	1305
878	1180
878	1048
878	464
878	1261
610	766
610	737
610	1037
610	848
610	1044
610	1129
610	710
610	614
610	1276
610	1356
610	1186
610	1348
610	665
610	1288
610	882
610	1188
610	458
610	872
610	606
610	1213
610	1150
610	655
610	769
610	926
610	785
610	1286
610	1232
610	1190
672	927
672	1178
672	1129
672	617
672	588
672	718
672	967
672	678
672	968
672	481
672	671
672	1051
672	1190
672	1373
606	766
606	737
606	525
606	465
606	971
606	1037
606	848
606	1044
606	653
606	1129
606	710
606	614
606	1276
606	1163
606	946
606	1265
606	617
606	443
606	687
606	584
606	1171
606	588
606	1366
606	1192
606	426
606	640
606	599
606	1317
606	576
606	1356
606	724
606	1186
606	718
606	1348
606	967
606	447
606	665
606	742
606	1297
606	859
606	678
606	612
606	438
606	963
606	1310
606	1363
606	1288
606	1271
606	882
606	1188
606	1152
606	1059
606	803
606	458
606	966
606	902
606	671
606	798
606	1071
606	872
606	610
606	1213
606	1150
606	655
606	769
606	1051
606	926
606	785
606	1048
606	1286
606	1232
606	1190
606	475
606	647
574	527
1213	766
1213	737
1213	525
1213	465
1213	971
1213	1037
1213	848
1213	1044
1213	653
1213	1129
1213	710
1213	614
1213	1276
1213	1163
1213	946
1213	1265
1213	617
1213	443
1213	687
1213	1171
1213	588
1213	1366
1213	1192
1213	426
1213	640
1213	599
1213	1317
1213	576
1213	1356
1213	724
1213	1186
1213	718
1213	1348
1213	967
1213	447
1213	665
1213	742
1213	1297
1213	859
1213	678
1213	612
1213	438
1213	963
1213	1310
1213	1363
1213	1060
1213	1288
1213	1271
1213	882
1213	1188
1213	417
1213	1152
1213	1059
1213	803
1213	458
1213	966
1213	902
1213	671
1213	798
1213	1071
1213	872
1213	610
1213	606
1213	1150
1213	655
1213	769
1213	1051
1213	926
1213	785
1213	1286
1213	1232
1213	1190
1213	475
1213	647
587	1129
587	443
587	1186
587	1348
587	445
587	686
587	1188
587	1048
1150	766
1150	737
1150	525
1150	465
1150	971
1150	1037
1150	848
1150	1044
1150	653
1150	1129
1150	710
1150	614
1150	1276
1150	1163
1150	946
1150	1265
1150	617
1150	443
1150	687
1150	1171
1150	588
1150	1366
1150	1192
1150	426
1150	640
1150	599
1150	1317
1150	576
1150	1356
1150	724
1150	1186
1150	718
1150	1348
1150	445
1150	967
1150	447
1150	665
1150	742
1150	1297
1150	859
1150	678
1150	612
1150	686
1150	963
1150	1310
1150	1363
1150	1288
1150	1271
1150	882
1150	1188
1150	1152
1150	803
1150	458
1150	966
1150	902
1150	798
1150	1071
1150	872
1150	610
1150	606
1150	1213
1150	655
1150	769
1150	1051
1150	926
1150	785
1150	1048
1150	1286
1150	1232
1150	1190
1150	475
1150	647
655	766
655	737
655	525
655	465
655	1037
655	848
655	1044
655	653
655	1129
655	710
655	614
655	1276
655	1052
655	1163
655	946
655	1265
655	617
655	1308
655	443
655	687
655	1171
655	588
655	1366
655	1192
655	426
655	640
655	1317
655	576
655	1356
655	724
655	1186
655	718
655	1348
655	967
655	447
655	665
655	742
655	1297
655	859
655	678
655	612
655	686
655	963
655	1310
655	1363
655	1060
655	1288
655	1271
655	882
655	1188
655	417
655	1152
655	803
655	458
655	966
655	671
655	872
655	610
655	606
655	1213
655	1150
655	769
655	1051
655	926
655	785
655	1286
655	1232
655	1190
655	475
655	708
655	647
1266	653
1266	588
769	766
769	737
769	525
769	465
769	1037
769	848
769	1044
769	653
769	1129
769	710
769	614
769	1276
769	1163
769	946
769	1265
769	617
769	443
769	687
769	1171
769	588
769	1366
769	1192
769	426
769	640
769	1317
769	576
769	1356
769	724
769	1186
769	718
769	1348
769	967
769	447
769	665
769	742
769	1297
769	859
769	678
769	612
769	963
769	1310
769	1363
769	1060
769	1288
769	1271
769	882
769	1188
769	417
769	1152
769	803
769	458
769	966
769	671
769	872
769	610
769	606
769	1213
769	1150
769	655
769	1051
769	926
769	785
769	1286
769	1232
769	1176
769	1190
769	475
769	708
769	647
874	443
874	687
874	1171
874	1186
874	1348
874	967
874	1188
874	1048
874	1190
554	1129
727	912
1174	1190
1051	927
1051	766
1051	737
1051	1178
1051	1037
1051	848
1051	1044
1051	1129
1051	710
1051	614
1051	1276
1051	946
1051	617
1051	588
1051	1356
1051	1186
1051	718
1051	1348
1051	967
1051	665
1051	678
1051	1288
1051	968
1051	882
1051	1188
1051	458
1051	481
1051	671
1051	872
1051	672
1051	606
1051	1213
1051	1150
1051	655
1051	769
1051	926
1051	785
1051	1286
1051	1232
1051	1373
926	766
926	737
926	525
926	465
926	971
926	1037
926	848
926	1044
926	653
926	1129
926	710
926	614
926	1276
926	1052
926	1163
926	946
926	1265
926	617
926	1308
926	443
926	687
926	584
926	1171
926	588
926	1366
926	1192
926	426
926	640
926	599
926	1317
926	576
926	1356
926	724
926	1186
926	718
926	1348
926	967
926	447
926	665
926	742
926	1297
926	859
926	678
926	612
926	686
926	438
926	963
926	1310
926	1363
926	1060
926	1288
926	1271
926	882
926	1188
926	417
926	838
926	1152
926	1059
926	444
926	803
926	458
926	966
926	902
926	671
926	798
926	1071
926	872
926	610
926	606
926	1213
926	1150
926	655
926	769
926	1051
926	785
926	1286
926	1232
926	1190
926	475
926	647
470	710
470	772
470	439
470	667
470	1314
470	800
470	1043
470	968
470	1257
470	878
470	454
962	710
962	772
962	439
962	667
962	1314
962	800
962	1043
962	968
962	1257
962	878
962	454
1141	710
1141	772
1141	439
1141	667
1141	1314
1141	800
1141	1043
1141	968
1141	1257
1141	878
1141	454
1142	710
1142	772
1142	439
1142	667
1142	1314
1142	800
1142	1043
1142	968
1142	1257
1142	878
1142	454
1283	710
1283	772
1283	439
1283	667
1283	1314
1283	800
1283	1043
1283	968
1283	1257
1283	878
1283	454
1305	710
1305	772
1305	439
1305	667
1305	1314
1305	800
1305	1043
1305	968
1305	1257
1305	878
1305	454
651	1190
1304	1129
1304	443
1304	1186
1304	1348
1304	445
1304	686
1304	1188
1304	1048
785	737
785	525
785	465
785	1037
785	848
785	1044
785	653
785	1129
785	1163
785	946
785	1265
785	617
785	443
785	687
785	1171
785	588
785	1366
785	1192
785	426
785	640
785	1317
785	576
785	1356
785	724
785	1186
785	718
785	1348
785	967
785	447
785	665
785	742
785	1297
785	859
785	678
785	612
785	963
785	1310
785	1363
785	1288
785	1271
785	882
785	1188
785	1152
785	803
785	458
785	966
785	872
785	610
785	606
785	1213
785	1150
785	655
785	769
785	1051
785	926
785	1286
785	1190
785	475
785	647
1180	1354
1180	525
1180	465
1180	442
1180	1044
1180	614
1180	1308
1180	687
1180	772
1180	726
1180	439
1180	1106
1180	1344
1180	640
1180	724
1180	1314
1180	1333
1180	800
1180	1198
1180	598
1180	1310
1180	1211
1180	1043
1180	797
1180	838
1180	1059
1180	1257
1180	902
1180	798
1180	878
1180	763
1180	1048
1180	1232
1180	454
1180	1190
763	1276
763	1265
763	687
763	1171
763	640
763	686
763	1211
763	1271
763	838
763	803
763	527
763	1180
763	1048
1048	1354
1048	766
1048	737
1048	442
1048	1291
1048	1129
1048	614
1048	448
1048	1308
1048	687
1048	772
1048	726
1048	439
1048	1106
1048	1344
1048	539
1048	1356
1048	724
1048	1030
1048	1186
1048	718
1048	514
1048	1065
1048	445
1048	1314
1048	1333
1048	800
1048	1198
1048	598
1048	1310
1048	1211
1048	1043
1048	1288
1048	1309
1048	882
1048	578
1048	797
1048	1188
1048	838
1048	1059
1048	1257
1048	966
1048	716
1048	902
1048	965
1048	798
1048	527
1048	872
1048	878
1048	606
1048	587
1048	1150
1048	874
1048	1304
1048	1180
1048	763
1048	497
1048	454
1048	862
497	1129
497	443
497	1186
497	1348
497	445
497	686
497	1188
497	1048
497	1190
792	687
792	640
1286	766
1286	737
1286	525
1286	465
1286	1037
1286	848
1286	1044
1286	653
1286	1129
1286	710
1286	614
1286	1276
1286	1163
1286	946
1286	1265
1286	617
1286	443
1286	687
1286	1171
1286	588
1286	1366
1286	1192
1286	426
1286	640
1286	1317
1286	576
1286	1356
1286	724
1286	1186
1286	718
1286	1348
1286	967
1286	447
1286	665
1286	742
1286	1297
1286	859
1286	678
1286	612
1286	963
1286	1310
1286	1363
1286	1060
1286	1288
1286	1271
1286	882
1286	1188
1286	417
1286	1152
1286	803
1286	458
1286	966
1286	671
1286	872
1286	610
1286	606
1286	1213
1286	1150
1286	655
1286	769
1286	1051
1286	926
1286	785
1286	1232
1286	1190
1286	475
1286	647
1232	737
1232	525
1232	465
1232	1037
1232	848
1232	1044
1232	653
1232	1129
1232	1163
1232	946
1232	1265
1232	617
1232	443
1232	687
1232	1171
1232	588
1232	1366
1232	1192
1232	426
1232	640
1232	1317
1232	576
1232	1356
1232	724
1232	1186
1232	718
1232	1348
1232	967
1232	447
1232	665
1232	742
1232	1297
1232	859
1232	678
1232	612
1232	963
1232	1310
1232	1363
1232	1288
1232	925
1232	1271
1232	882
1232	1188
1232	417
1232	1152
1232	803
1232	458
1232	821
1232	966
1232	671
1232	872
1232	610
1232	606
1232	1213
1232	1150
1232	655
1232	769
1232	1051
1232	926
1232	1180
1232	1286
1232	1190
1232	475
1232	647
454	765
454	530
454	1139
454	687
454	446
454	1127
454	684
454	1344
454	1030
454	445
454	1085
454	1211
454	964
454	637
454	838
454	485
454	444
454	466
454	616
454	470
454	962
454	1141
454	1142
454	1283
454	1305
454	1180
454	1048
454	464
454	1261
487	687
487	640
1047	766
1047	1164
1047	848
1047	1129
1047	614
1047	1276
1047	1265
1047	1171
1047	1356
1047	718
1047	665
1047	1271
1047	882
1047	1188
1176	1366
1176	1186
1176	742
1176	1310
1176	1188
1176	769
1176	1190
464	710
464	772
464	439
464	667
464	1314
464	800
464	1043
464	968
464	1257
464	878
464	454
1272	766
1272	1164
1272	848
1272	1129
1272	614
1272	1276
1272	1265
1272	1171
1272	1356
1272	718
1272	665
1272	1271
1272	882
1272	1188
1190	766
1190	737
1190	525
1190	1178
1190	465
1190	971
1190	1037
1190	848
1190	1044
1190	1129
1190	710
1190	614
1190	1273
1190	1276
1190	765
1190	946
1190	617
1190	443
1190	584
1190	1171
1190	588
1190	684
1190	1192
1190	539
1190	640
1190	599
1190	1317
1190	1356
1190	1030
1190	1186
1190	718
1190	1348
1190	967
1190	447
1190	665
1190	742
1190	1297
1190	859
1190	678
1190	612
1190	686
1190	963
1190	1310
1190	1060
1190	1288
1190	1309
1190	1271
1190	882
1190	1188
1190	1059
1190	458
1190	694
1190	966
1190	716
1190	902
1190	671
1190	798
1190	1071
1190	872
1190	610
1190	672
1190	606
1190	1213
1190	1150
1190	655
1190	769
1190	874
1190	1174
1190	926
1190	651
1190	785
1190	1180
1190	497
1190	1286
1190	1232
1190	1176
1190	475
475	766
475	737
475	465
475	971
475	1037
475	848
475	1044
475	1129
475	710
475	614
475	1276
475	946
475	617
475	1171
475	588
475	1192
475	599
475	1317
475	1356
475	1186
475	1348
475	665
475	438
475	963
475	1288
475	1271
475	882
475	1188
475	1059
475	458
475	902
475	671
475	798
475	1071
475	872
475	606
475	1213
475	1150
475	655
475	769
475	926
475	785
475	1286
475	1232
475	1190
708	1044
708	1129
708	718
708	1310
708	1188
708	458
708	527
708	655
708	769
708	1370
708	1371
862	1129
862	443
862	1186
862	1348
862	445
862	686
862	1188
862	1048
647	766
647	737
647	1037
647	848
647	1044
647	1129
647	710
647	614
647	1276
647	687
647	1356
647	1186
647	1348
647	665
647	1288
647	882
647	1188
647	458
647	872
647	606
647	1213
647	1150
647	655
647	769
647	926
647	785
647	1286
647	1232
1373	927
1373	1178
1373	1129
1373	617
1373	588
1373	912
1373	718
1373	967
1373	678
1373	438
1373	968
1373	481
1373	671
1373	672
1373	1051
1370	708
1371	708
1261	710
1261	772
1261	439
1261	667
1261	1314
1261	800
1261	1043
1261	968
1261	1257
1261	878
1261	454